1 0.772893994629 0.813557708066 0.732230281193 1 5 -4 0.05
2 0.772858894711 0.814563634927 0.731154154494 1 6 -3 0.05
3 0.772837300215 0.812319682748 0.733354917681 1 4 -5 0.05
4 0.772565632496 0.815040888856 0.730090376137 1 7 -2 0.05
5 0.772523256664 0.815493212969 0.729553300359 1 8 -1 0.05
6 0.772261119706 0.814348341877 0.730173897535 2 5 -3 0.05
7 0.772237062026 0.814906250134 0.729567873918 2 7 -1 0.05
8 0.772177089336 0.81467108906 0.729683089613 2 6 -2 0.05
9 0.772127663177 0.814241388038 0.730013938316 1 7 -2 0.15
10 0.772127366486 0.810422985704 0.733831747268 0 6 -4 0.05
11 0.772101919808 0.813839769201 0.730364070415 1 6 -3 0.15
12 0.772059148117 0.815095101447 0.729023194788 2 8 0 0.05
13 0.772054186921 0.813646675793 0.73046169805 2 3 -5 0.05
14 0.772032562447 0.814031206703 0.730033918191 2 4 -4 0.05
15 0.771994476745 0.814667364763 0.729321588726 2 8 0 0.15
16 0.771889138025 0.814601275829 0.729177000222 1 8 -1 0.15
17 0.771875225939 0.812993230916 0.730757220962 1 5 -4 0.15
18 0.771845745173 0.814421605355 0.729269884991 2 7 -1 0.15
19 0.771819673473 0.81532345389 0.728315893056 1 9 0 0.05
20 0.77179924548 0.814206613426 0.729391877535 2 6 -2 0.15
21 0.771761093261 0.814170149369 0.729352037153 3 4 -3 0.05
22 0.771758392706 0.814480642962 0.72903614245 3 7 0 0.15
23 0.77169331579 0.814301858638 0.729084772942 3 5 -2 0.05
24 0.771667484638 0.81478150813 0.728553461147 3 7 0 0.05
25 0.771667058011 0.814231631419 0.729102484603 4 4 -2 0.05
26 0.771577082052 0.814430203588 0.728723960516 4 5 -1 0.05
27 0.771569488217 0.814725906533 0.728413069901 3 7 0 0.25
28 0.771559073559 0.814643277527 0.728474869592 3 6 -1 0.05
29 0.771535798714 0.814540240645 0.728531356783 2 7 -1 0.25
30 0.771533914807 0.813642201024 0.72942562859 1 6 -3 0.25