1 0.53300375964 0.537354725769 0.52865279351 1 1 -8 16 0.7
2 0.53292922551 0.537335134891 0.52852331613 1 1 -8 20 0.7
3 0.532909507245 0.53706462895 0.52875438554 1 1 -8 14 0.7
4 0.532896651566 0.537039665908 0.528753637224 1 1 -8 18 0.7
5 0.532864672494 0.53706462895 0.528664716039 1 1 -8 10 0.7
6 0.53281129648 0.538243683617 0.527378909343 1 2 -7 20 0.7
7 0.532778273649 0.53706462895 0.528491918349 1 1 -8 12 0.7
8 0.532777437435 0.538594570653 0.526960304217 1 2 -7 16 0.7
9 0.532576821379 0.538268646659 0.5268849961 1 2 -7 18 0.7
10 0.532293704301 0.538035388699 0.526552019903 1 2 -7 14 0.7
11 0.532119304906 0.538278698419 0.525959911393 1 2 -7 20 0.5
12 0.53198105148 0.537715695605 0.526246407356 1 2 -7 10 0.7
13 0.531957629192 0.538239180659 0.525676077725 1 3 -6 20 0.5
14 0.531883681444 0.536771543242 0.526995819646 1 1 -8 18 0.5
15 0.53186020738 0.537974714352 0.525745700407 1 3 -6 18 0.5
16 0.531806218761 0.537715695605 0.525896741918 1 2 -7 12 0.7
17 0.531770526858 0.537978689989 0.525562363727 1 3 -6 20 0.7
18 0.531768520896 0.536771543242 0.526765498551 1 1 -8 20 0.5
19 0.531754558103 0.537947204123 0.525561912084 1 2 -7 20 0.3
20 0.531709286022 0.537719516465 0.525699055578 1 2 -7 18 0.5
21 0.531696391271 0.538239180659 0.525153601884 1 3 -6 20 0.3
22 0.531667126203 0.538244473442 0.525089778964 1 2 -7 18 0.3
23 0.531649835578 0.537980007135 0.525319664022 1 2 -7 16 0.3
24 0.531647479969 0.538239180659 0.525055779279 1 3 -6 18 0.3
25 0.531603114821 0.538575142527 0.524631087116 2 3 -5 14 0.7
26 0.531590550863 0.537719516465 0.525461585262 1 2 -7 16 0.5
27 0.531577098424 0.538277873208 0.524876323641 2 3 -5 16 0.7
28 0.531576642938 0.537714223682 0.525439062193 1 3 -6 18 0.7
29 0.531533418383 0.537947204123 0.525119632643 2 3 -5 18 0.7
30 0.5314885553 0.538869530527 0.524107580073 1 3 -6 10 0.3
TOP Q1
1 0.5314885553 0.538869530527 0.524107580073 1 3 -6 10 0.3
2 0.531008820344 0.538869530527 0.523148110161 1 3 -6 10 0.1
3 0.53102134412 0.538604251847 0.523438436393 1 3 -6 12 0.5
4 0.532777437435 0.538594570653 0.526960304217 1 2 -7 16 0.7
5 0.531603114821 0.538575142527 0.524631087116 2 3 -5 14 0.7
6 0.531404824781 0.538575142527 0.524234507035 2 3 -5 12 0.5
7 0.531327999724 0.538575142527 0.524080856921 1 2 -7 14 0.1
8 0.531291809943 0.538575142527 0.524008477359 2 3 -5 12 0.7
9 0.531286633619 0.538575142527 0.523998124712 2 3 -5 12 0.3
10 0.531208047705 0.538575142527 0.523840952883 1 2 -7 12 0.1
11 0.531204219955 0.538575142527 0.523833297383 2 3 -5 14 0.3
12 0.531007029328 0.538575142527 0.523438916129 2 3 -5 14 0.5
13 0.530562730147 0.53854836551 0.522577094784 1 3 -6 12 0.3
14 0.530818585792 0.538343761178 0.523293410407 1 3 -6 12 0.7
15 0.532119304906 0.538278698419 0.525959911393 1 2 -7 20 0.5
16 0.531577098424 0.538277873208 0.524876323641 2 3 -5 16 0.7
17 0.531463730022 0.538277873208 0.524649586837 2 3 -5 16 0.5
18 0.531447971767 0.538277873208 0.524618070326 2 3 -5 16 0.3
19 0.531388555427 0.538277873208 0.524499237646 1 2 -7 18 0.1
20 0.531170994658 0.538277873208 0.524064116109 1 2 -7 20 0.1
21 0.531067285266 0.538277873208 0.523856697325 1 2 -7 16 0.1
22 0.532576821379 0.538268646659 0.5268849961 1 2 -7 18 0.7
23 0.531667126203 0.538244473442 0.525089778964 1 2 -7 18 0.3
24 0.53281129648 0.538243683617 0.527378909343 1 2 -7 20 0.7
25 0.531957629192 0.538239180659 0.525676077725 1 3 -6 20 0.5
26 0.531696391271 0.538239180659 0.525153601884 1 3 -6 20 0.3
27 0.531647479969 0.538239180659 0.525055779279 1 3 -6 18 0.3
28 0.53119105814 0.538239180659 0.52414293562 1 3 -6 16 0.3
29 0.530512570207 0.538239180659 0.522785959756 1 3 -6 14 0.3
30 0.531011988755 0.538234421681 0.523789555828 2 3 -5 10 0.5
TOP Q2
1 0.532909507245 0.53706462895 0.52875438554 1 1 -8 14 0.7
2 0.532896651566 0.537039665908 0.528753637224 1 1 -8 18 0.7
3 0.532864672494 0.53706462895 0.528664716039 1 1 -8 10 0.7
4 0.53300375964 0.537354725769 0.52865279351 1 1 -8 16 0.7
5 0.53292922551 0.537335134891 0.52852331613 1 1 -8 20 0.7
6 0.532778273649 0.53706462895 0.528491918349 1 1 -8 12 0.7
7 0.528267543777 0.5287918856 0.527743201954 1 0 -9 10 0.5
8 0.528267543777 0.5287918856 0.527743201954 1 0 -9 12 0.5
9 0.528267543777 0.5287918856 0.527743201954 1 0 -9 14 0.5
10 0.528267543777 0.5287918856 0.527743201954 1 0 -9 16 0.5
11 0.528267543777 0.5287918856 0.527743201954 1 0 -9 18 0.5
12 0.528267543777 0.5287918856 0.527743201954 1 0 -9 20 0.5
13 0.53281129648 0.538243683617 0.527378909343 1 2 -7 20 0.7
14 0.528439043246 0.529866832646 0.527011253845 2 0 -8 10 0.7
15 0.528439043246 0.529866832646 0.527011253845 2 0 -8 12 0.7
16 0.528439043246 0.529866832646 0.527011253845 2 0 -8 14 0.7
17 0.528439043246 0.529866832646 0.527011253845 2 0 -8 16 0.7
18 0.528439043246 0.529866832646 0.527011253845 2 0 -8 18 0.7
19 0.528439043246 0.529866832646 0.527011253845 2 0 -8 20 0.7
20 0.531883681444 0.536771543242 0.526995819646 1 1 -8 18 0.5
21 0.532777437435 0.538594570653 0.526960304217 1 2 -7 16 0.7
22 0.532576821379 0.538268646659 0.5268849961 1 2 -7 18 0.7
23 0.527900302263 0.529014295 0.526786309525 3 0 -7 10 0.7
24 0.527900302263 0.529014295 0.526786309525 3 0 -7 12 0.7
25 0.527900302263 0.529014295 0.526786309525 3 0 -7 14 0.7
26 0.527900302263 0.529014295 0.526786309525 3 0 -7 16 0.7
27 0.527900302263 0.529014295 0.526786309525 3 0 -7 18 0.7
28 0.527900302263 0.529014295 0.526786309525 3 0 -7 20 0.7
29 0.531768520896 0.536771543242 0.526765498551 1 1 -8 20 0.5
30 0.532293704301 0.538035388699 0.526552019903 1 2 -7 14 0.7