1 0.773904100584 0.811429137547 0.736379063621 0 6 -4 0.07
2 0.773753958774 0.812390052301 0.735117865248 1 4 -5 0.03
3 0.773356647538 0.813213357585 0.733499937491 1 5 -4 0.03
4 0.77320513124 0.814504866812 0.731905395668 1 6 -3 0.07
5 0.773130473477 0.815226136622 0.731034810332 1 7 -2 0.07
6 0.773089048707 0.813969906605 0.73220819081 1 5 -4 0.07
7 0.772987805215 0.812498248565 0.733477361864 1 4 -5 0.07
8 0.772972997171 0.815636468622 0.73030952572 1 8 -1 0.07
9 0.772922559456 0.813884162395 0.731960956517 1 6 -3 0.09
10 0.772893994629 0.813557708066 0.732230281193 1 5 -4 0.05
11 0.772858894711 0.814563634927 0.731154154494 1 6 -3 0.05
12 0.772837300215 0.812319682748 0.733354917681 1 4 -5 0.05
13 0.772780447186 0.813818137888 0.731742756483 1 6 -3 0.03
14 0.772778018187 0.809762323604 0.735793712771 0 6 -4 0.03
15 0.772744277953 0.814608361172 0.730880194734 1 7 -2 0.09
16 0.772693112344 0.81377482714 0.731611397548 2 3 -5 0.03
17 0.772642449286 0.81400609651 0.731278802062 2 4 -4 0.03
18 0.772565632496 0.815040888856 0.730090376137 1 7 -2 0.05
19 0.772523256664 0.815493212969 0.729553300359 1 8 -1 0.05
20 0.772519236817 0.815075574928 0.729962898705 1 8 -1 0.09
21 0.772502995173 0.812962991938 0.732042998409 1 5 -4 0.09
22 0.772480826288 0.815229094363 0.729732558214 2 8 0 0.07
23 0.772467070814 0.814777785166 0.730156356461 0 7 -3 0.07
24 0.772458024283 0.815040654981 0.729875393585 2 7 -1 0.07
25 0.772444133009 0.815770640245 0.729117625774 1 9 0 0.07
26 0.772430443248 0.814924950653 0.729935935843 2 8 0 0.09
27 0.77237111537 0.814718841874 0.730023388866 2 7 -1 0.09
28 0.772358016986 0.809553844752 0.73516218922 0 6 -4 0.09
29 0.77230086702 0.814194855963 0.730406878078 2 5 -3 0.07
30 0.772277480377 0.814365413521 0.730189547234 2 5 -3 0.03