1 0.773904100584 0.811429137547 0.736379063621 0 6 -4 0.07
2 0.773865762058 0.811920002023 0.735811522094 0 6 -4 0.06
3 0.773753958774 0.812390052301 0.735117865248 1 4 -5 0.03
4 0.773356647538 0.813213357585 0.733499937491 1 5 -4 0.03
5 0.77320513124 0.814504866812 0.731905395668 1 6 -3 0.07
6 0.773204445663 0.813939532007 0.73246935932 1 5 -4 0.06
7 0.773130473477 0.815226136622 0.731034810332 1 7 -2 0.07
8 0.77309424035 0.814839794885 0.731348685815 1 6 -3 0.06
9 0.773089048707 0.813969906605 0.73220819081 1 5 -4 0.07
10 0.7730343474 0.815388026486 0.730680668313 1 7 -2 0.06
11 0.772999843563 0.812874858778 0.733124828349 1 4 -5 0.06
12 0.772987805215 0.812498248565 0.733477361864 1 4 -5 0.07
13 0.772893994629 0.813557708066 0.732230281193 1 5 -4 0.05
14 0.772858894711 0.814563634927 0.731154154494 1 6 -3 0.05
15 0.772837300215 0.812319682748 0.733354917681 1 4 -5 0.05
16 0.772780447186 0.813818137888 0.731742756483 1 6 -3 0.03
17 0.772778018187 0.809762323604 0.735793712771 0 6 -4 0.03
18 0.772693112344 0.81377482714 0.731611397548 2 3 -5 0.03
19 0.772642449286 0.81400609651 0.731278802062 2 4 -4 0.03
20 0.772580658544 0.8151014876 0.730059829487 2 7 -1 0.06
21 0.772565632496 0.815040888856 0.730090376137 1 7 -2 0.05
22 0.772533291792 0.813045774849 0.732020808734 1 4 -5 0.04
23 0.772487373387 0.813985888092 0.730988858682 1 5 -4 0.04
24 0.772467070814 0.814777785166 0.730156356461 0 7 -3 0.07
25 0.772458024283 0.815040654981 0.729875393585 2 7 -1 0.07
26 0.772383947223 0.8148699661 0.729897928345 2 6 -2 0.06
27 0.77230086702 0.814194855963 0.730406878078 2 5 -3 0.07
28 0.772289928135 0.814503003991 0.73007685228 2 5 -3 0.06
29 0.772277480377 0.814365413521 0.730189547234 2 5 -3 0.03
30 0.772264703639 0.814189804845 0.730339602432 1 7 -2 0.03