1 0.774241962109 0.811539240479 0.73694468374 0 6 -4 0.062
2 0.774130227963 0.811806270292 0.736454185633 0 6 -4 0.063
3 0.77409615295 0.811364176946 0.736828128955 0 6 -4 0.069
4 0.773904100584 0.811429137547 0.736379063621 0 6 -4 0.07
5 0.773891718487 0.811683034987 0.736100401986 0 6 -4 0.061
6 0.773865762058 0.811920002023 0.735811522094 0 6 -4 0.06
7 0.773826419829 0.811690830485 0.735962009174 0 6 -4 0.067
8 0.773800365016 0.811249773366 0.736350956665 0 6 -4 0.068
9 0.773658087438 0.811434111623 0.735882063253 0 6 -4 0.064
10 0.773645690443 0.811544354542 0.735747026344 0 6 -4 0.065
11 0.773629299591 0.811761933503 0.735496665679 0 6 -4 0.066