1 0.775668737523 0.818491738848 0.732845736198 0 6 -4 0.15 0.05
2 0.774087414033 0.813912473121 0.734262354945 1 4 -5 0.15 0.05
3 0.773741316768 0.814851866229 0.732630767307 1 5 -4 0.15 0.05
4 0.773639087414 0.815308195845 0.731969978983 1 5 -4 0.25 0.05
5 0.773312896511 0.815040363996 0.731585429026 1 6 -3 0.15 0.05
6 0.773150234486 0.814525825282 0.731774643689 1 4 -5 0.25 0.05
7 0.773076336519 0.815511258764 0.730641414274 1 6 -3 0.25 0.05
8 0.772893994629 0.813557708066 0.732230281193 1 5 -4 0.05 0.05
9 0.772858894711 0.814563634927 0.731154154494 1 6 -3 0.05 0.05
10 0.772837300215 0.812319682748 0.733354917681 1 4 -5 0.05 0.05
11 0.772751597583 0.81498481522 0.730518379947 1 7 -2 0.15 0.05
12 0.772565632496 0.815040888856 0.730090376137 1 7 -2 0.05 0.05
13 0.772313495381 0.815141562253 0.729485428509 1 7 -2 0.25 0.05
14 0.772175426319 0.812003047729 0.73234780491 1 3 -6 0.15 0.05
15 0.772127663177 0.814241388038 0.730013938316 1 7 -2 0.15 0.15
16 0.772127366486 0.810422985704 0.733831747268 0 6 -4 0.05 0.05
17 0.772103735309 0.814221622904 0.729985847714 1 7 -2 0.05 0.25
18 0.772101919808 0.813839769201 0.730364070415 1 6 -3 0.15 0.15
19 0.772013655578 0.814372379742 0.729654931413 1 7 -2 0.05 0.15
20 0.772009140114 0.813956850553 0.730061429674 1 7 -2 0.15 0.25
21 0.77187874302 0.813275742748 0.730481743292 1 6 -3 0.15 0.25
22 0.771875225939 0.812993230916 0.730757220962 1 5 -4 0.15 0.15
23 0.771633838992 0.814107480273 0.729160197712 1 6 -3 0.25 0.15
24 0.771606768532 0.81259439272 0.730619144343 1 5 -4 0.15 0.25
25 0.771603638659 0.814470092119 0.7287371852 1 7 -2 0.25 0.15
26 0.771533914807 0.813642201024 0.72942562859 1 6 -3 0.25 0.25
27 0.771531118016 0.813229024682 0.729833211351 1 5 -4 0.25 0.15
28 0.771495458558 0.814115854573 0.728875062543 1 7 -2 0.25 0.25
29 0.77148688852 0.81306177196 0.72991200508 1 6 -3 0.05 0.25
30 0.771472901857 0.812622438658 0.730323365055 1 3 -6 0.25 0.05