1 0.780700623117 0.823944052522 0.737457193712 0 6 -4 0.15 0.03
2 0.78052978716 0.821612978288 0.739446596032 0 6 -4 0.13 0.03
3 0.780247664554 0.819310618081 0.741184711028 0 6 -4 0.11 0.03
4 0.778412607557 0.821973126692 0.734852088421 0 6 -4 0.17 0.03
5 0.775751146263 0.815160995603 0.736341296923 1 4 -5 0.15 0.03
6 0.775740861783 0.815393318011 0.736088405555 0 6 -4 0.11 0.05
7 0.775668737523 0.818491738848 0.732845736198 0 6 -4 0.15 0.05
8 0.775621418536 0.815243473959 0.735999363114 1 4 -5 0.17 0.03
9 0.775497628941 0.81478381446 0.736211443421 1 4 -5 0.13 0.03
10 0.775472107349 0.815491732717 0.735452481982 1 4 -5 0.19 0.03
11 0.775318576213 0.809435783524 0.741201368901 0 5 -5 0.11 0.05
12 0.775258048937 0.815788337426 0.734727760448 1 5 -4 0.17 0.03
13 0.775152386042 0.814616951214 0.73568782087 1 4 -5 0.11 0.03
14 0.775062440775 0.815867860154 0.734257021396 1 5 -4 0.19 0.03
15 0.775032660057 0.815585797765 0.734479522349 1 5 -4 0.15 0.03
16 0.774935625295 0.815867191544 0.734004059045 0 6 -4 0.13 0.05
17 0.774835472628 0.815129905453 0.734541039804 1 5 -4 0.13 0.03
18 0.774606076483 0.815097020925 0.73411513204 1 5 -4 0.11 0.03
19 0.774379834226 0.817614838345 0.731144830107 0 6 -4 0.17 0.05
20 0.774319879914 0.81549734922 0.733142410609 1 5 -4 0.19 0.01
21 0.774308836225 0.821570186567 0.727047485882 0 6 -4 0.13 0.01
22 0.774213213431 0.815080388361 0.733346038502 1 4 -5 0.15 0.01
23 0.774189587703 0.814932571145 0.73344660426 1 5 -4 0.13 0.01
24 0.774155636675 0.815252901718 0.733058371633 1 5 -4 0.17 0.01
25 0.774147880539 0.815384886034 0.732910875045 1 4 -5 0.17 0.01
26 0.774136750718 0.815548042763 0.732725458672 1 4 -5 0.19 0.01
27 0.774113408014 0.81517253918 0.733054276848 1 5 -4 0.15 0.01
28 0.774087414033 0.813912473121 0.734262354945 1 4 -5 0.15 0.05
29 0.774022659045 0.814690974405 0.733354343684 1 4 -5 0.13 0.01
30 0.773994265915 0.813616491316 0.734372040515 1 4 -5 0.13 0.05