1 0.790911641973 0.844456902672 0.737366381274 0 11 -9 0.14 0.025
2 0.789893382375 0.842079921558 0.737706843192 0 11 -9 0.135 0.025
3 0.789452193317 0.838726271629 0.740178115005 0 11 -9 0.13 0.025
4 0.789288427032 0.835077088687 0.743499765377 0 11 -9 0.125 0.025
5 0.788951866317 0.844324956621 0.733578776014 0 11 -9 0.145 0.025
6 0.788900193892 0.847103023803 0.730697363982 0 11 -9 0.15 0.025
7 0.78853003838 0.835929157274 0.741130919486 0 11 -9 0.14 0.03
8 0.788263652637 0.831551568168 0.744975737105 0 11 -9 0.12 0.025
9 0.788221918988 0.8489380656 0.727505772377 0 11 -9 0.155 0.025
10 0.787908741291 0.829965071231 0.74585241135 0 11 -9 0.115 0.025
11 0.787676659412 0.828734661585 0.746618657238 0 11 -9 0.11 0.025
12 0.787434168223 0.833299031618 0.741569304827 0 11 -9 0.135 0.03
13 0.78717546044 0.839548147919 0.73480277296 0 11 -9 0.15 0.03
14 0.787159816917 0.826521970104 0.74779766373 0 11 -9 0.125 0.03
15 0.787088802294 0.837306097778 0.736871506811 0 11 -9 0.145 0.03
16 0.786758889184 0.82408540701 0.749432371358 0 11 -9 0.12 0.03
17 0.786653817494 0.829671168406 0.743636466581 0 11 -9 0.13 0.03
18 0.786542933578 0.840090940236 0.732994926919 0 11 -9 0.13 0.02
19 0.786397275561 0.842869705208 0.729924845915 0 11 -9 0.14 0.02
20 0.786245524929 0.837252728319 0.735238321539 0 11 -9 0.125 0.02
21 0.786213777404 0.823133153055 0.749294401754 0 11 -9 0.115 0.03
22 0.786088102262 0.841796424105 0.73037978042 0 11 -9 0.135 0.02
23 0.785939857258 0.84121447385 0.730665240665 0 11 -9 0.155 0.03
24 0.785616163722 0.822380201304 0.748852126139 0 11 -9 0.11 0.03
25 0.78552496574 0.83478275888 0.7362671726 0 11 -9 0.12 0.02
26 0.785314264242 0.825579073159 0.745049455325 0 11 -9 0.1 0.025
27 0.784866006904 0.826375786126 0.743356227682 0 11 -9 0.105 0.025
28 0.784677911606 0.833511007364 0.735844815849 0 11 -9 0.115 0.02
29 0.784562573662 0.84209522613 0.727029921195 0 11 -9 0.145 0.02
30 0.784560420568 0.832334748075 0.73678609306 0 11 -9 0.11 0.02