1 0.796752377412 0.848504421259 0.745000333565 0 21 -19 0.138 0.029
2 0.796257966004 0.848628276044 0.743887655964 0 21 -19 0.14 0.029
3 0.796213877649 0.848839669619 0.743588085679 0 21 -19 0.141 0.029
4 0.796185396665 0.847186833049 0.745183960282 0 21 -19 0.136 0.029
5 0.79614682012 0.848501063392 0.743792576848 0 21 -19 0.139 0.029
6 0.795968330022 0.848045657313 0.743891002731 0 21 -19 0.137 0.029
7 0.79577156541 0.84699168588 0.744551444939 0 21 -19 0.135 0.029
8 0.794067296863 0.849577739808 0.738556853919 0 21 -19 0.142 0.029
9 0.793212648271 0.840410946422 0.74601435012 0 22 -18 0.138 0.027
10 0.793048709634 0.840909975219 0.745187444049 0 22 -18 0.14 0.027
11 0.7929993191 0.839722078381 0.74627655982 0 22 -18 0.137 0.027
12 0.792887572236 0.841186540984 0.744588603488 0 22 -18 0.141 0.027
13 0.79286068799 0.84014544799 0.74557592799 0 22 -18 0.139 0.027
14 0.792764650197 0.850176453092 0.735352847302 0 21 -19 0.143 0.029
15 0.79252219764 0.841853037267 0.743191358013 0 22 -18 0.142 0.027
16 0.792476332322 0.842279127842 0.742673536802 0 22 -18 0.143 0.027
17 0.792299978793 0.838759305198 0.745840652389 0 22 -18 0.136 0.027
18 0.792226067933 0.842461017765 0.741991118101 0 22 -18 0.138 0.026
19 0.792134841712 0.842496511254 0.741773172171 0 22 -18 0.145 0.027
20 0.792077082797 0.836158811308 0.747995354287 0 22 -18 0.138 0.029
21 0.792035835526 0.84213945524 0.741932215813 0 22 -18 0.144 0.027
22 0.791899637324 0.836563480978 0.747235793671 0 22 -18 0.14 0.029
23 0.791855468165 0.842677500068 0.741033436261 0 22 -18 0.14 0.026
24 0.791834853853 0.836853607392 0.746816100315 0 22 -18 0.141 0.029
25 0.79182153842 0.841806401625 0.741836675215 0 22 -18 0.137 0.026
26 0.791815945292 0.848735989633 0.734895900951 0 21 -19 0.138 0.028
27 0.791796320509 0.835977002477 0.747615638541 0 22 -18 0.139 0.029
28 0.791726304523 0.835534624198 0.747917984847 0 22 -18 0.137 0.029
29 0.791708561936 0.84204646141 0.741370662462 0 22 -18 0.139 0.026
30 0.791704118439 0.853479128178 0.729929108699 0 21 -19 0.138 0.027