1 0.796752377412 0.848504421259 0.745000333565 0 42 -38 0.138 0.029
2 0.796257966004 0.848628276044 0.743887655964 0 42 -38 0.14 0.029
3 0.796213877649 0.848839669619 0.743588085679 0 42 -38 0.141 0.029
4 0.796187147875 0.843570747964 0.748803547786 0 43 -37 0.14 0.029
5 0.796185396665 0.847186833049 0.745183960282 0 42 -38 0.136 0.029
6 0.79614682012 0.848501063392 0.743792576848 0 42 -38 0.139 0.029
7 0.796022583089 0.843756442537 0.748288723641 0 43 -37 0.141 0.029
8 0.796007998345 0.842729861233 0.749286135458 0 43 -37 0.138 0.0291
9 0.796007998345 0.842729861233 0.749286135458 0 43 -37 0.138 0.0292
10 0.796007998345 0.842729861233 0.749286135458 0 43 -37 0.138 0.0293
11 0.796007998345 0.842729861233 0.749286135458 0 43 -37 0.138 0.0294
12 0.795968330022 0.848045657313 0.743891002731 0 42 -38 0.137 0.029
13 0.795943498669 0.842729861233 0.749157136106 0 43 -37 0.138 0.029
14 0.795930537457 0.842733117858 0.749127957057 0 43 -37 0.139 0.029
15 0.795871193196 0.843570747964 0.748171638429 0 43 -37 0.14 0.0291
16 0.795871193196 0.843570747964 0.748171638429 0 43 -37 0.14 0.0292
17 0.795871193196 0.843570747964 0.748171638429 0 43 -37 0.14 0.0293
18 0.795871193196 0.843570747964 0.748171638429 0 43 -37 0.14 0.0294
19 0.795806648575 0.842354376129 0.749258921021 0 43 -37 0.137 0.029
20 0.795705402214 0.842354376129 0.7490564283 0 43 -37 0.137 0.0291
21 0.795705402214 0.842354376129 0.7490564283 0 43 -37 0.137 0.0292
22 0.795705402214 0.842354376129 0.7490564283 0 43 -37 0.137 0.0293
23 0.795705402214 0.842354376129 0.7490564283 0 43 -37 0.137 0.0294
24 0.79568952175 0.843756442537 0.747622600963 0 43 -37 0.141 0.0291
25 0.79568952175 0.843756442537 0.747622600963 0 43 -37 0.141 0.0292
26 0.79568952175 0.843756442537 0.747622600963 0 43 -37 0.141 0.0293
27 0.79568952175 0.843756442537 0.747622600963 0 43 -37 0.141 0.0294
28 0.795649910393 0.842733117858 0.748566702927 0 43 -37 0.139 0.0291
29 0.795649910393 0.842733117858 0.748566702927 0 43 -37 0.139 0.0292
30 0.795649910393 0.842733117858 0.748566702927 0 43 -37 0.139 0.0293